rate: 15.0
broadcast:    True

parent_id:   'gripper_left_link'
frame_id:    'camera_1_link'
x:     -0.0325
y:     -0.1032
z:     -0.1032
roll:  0.5937
pitch: 1.5434
yaw:   -0.9983

#parent_id:   'gripper_left_link'
#frame_id:    'camera_1_link'
#x:     -0.0320037
#y:     -0.109751
#z:     -0.113909
#roll:  -0.176643
#pitch: 1.5364618
#yaw:   -1.7661877

#parent_id:   'camera_0_color_optical_frame'
#frame_id:    'camera_1_color_optical_frame'

#x:     -0.1839
#y:    0.4436
#z:    0.1466

#roll:   0.6688
#pitch: -0.07392
#yaw:   0.4162



#parent_id:   'camera_0_color_optical_frame'
#frame_id:    'camera_1_link'

#x:     -0.497362
#y:    -0.0167717
#z:     0.180863

#roll:   1.649
#pitch: -1.093
#yaw:   -0.05642


# " random positions "
# First Translation: [-0.0320037, -0.109751, -0.113909] in RPY (radian) [-0.176643, 1.5364618, -1.7661877]
# Second Translation: [-0.018, -0.094, -0.117] Rotation: in Quaternion [0.500, 0.476, -0.523, 0.500] in RPY (radian) [0.075, 1.524, -1.543]
# Third Translation: [-0.012, -0.101, -0.127] Rotation: in Quaternion [0.505, 0.477, -0.517, 0.500] in RPY (radian) [0.306, 1.533, -1.310]
# Fourth Translation: [-0.028, -0.090, -0.104] Rotation: in Quaternion [-0.511, -0.471, 0.521, -0.495]    in RPY (radian) [0.422, 1.533, -1.215]
# fith Translation: [-0.047, -0.113, -0.126] Rotation: in Quaternion [0.514, 0.492, -0.511, 0.482] in RPY (radian) [-2.671, 1.556, 1.991]

################# 14/03 
## arm parallel to ground 
#1 - Translation: [-0.030, -0.102, -0.113]
#  - Rotation: in Quaternion [0.502, 0.487, -0.504, 0.506]
#            in RPY (radian) [0.684, 1.543, -0.900]

#2 - Translation: [-0.042, -0.101, -0.106]
#- Rotation: in Quaternion [0.500, 0.481, -0.509, 0.510]
#            in RPY (radian) [0.484, 1.528, -1.106]
#            in RPY (degree) [27.714, 87.542, -63.357]

#3 - Translation: [-0.027, -0.105, -0.115]
# - Rotation: in Quaternion [0.494, 0.492, -0.512, 0.502]
#            in RPY (radian) [-0.308, 1.542, -1.890]

################################## ROLL cam1 30 degrees
#- Translation: [-0.041, -0.120, -0.120]
#- Rotation: in Quaternion [0.494, 0.493, -0.513, 0.500]
            #in RPY (radian) [-0.434, 1.543, -2.018]
################################## PITCH cam1 30 degrees
#- Translation: [-0.039, -0.093, -0.111]
#- Rotation: in Quaternion [0.514, 0.480, -0.507, 0.499]
            #in RPY (radian) [1.189, 1.542, -0.425]
################################## YAW cam1 30 degrees
# - Translation: [-0.016, -0.098, -0.103]
# - Rotation: in Quaternion [0.511, 0.478, -0.500, 0.511]
            #in RPY (radian) [1.104, 1.522, -0.489]












# test calibration sw precision ( same position, double calibration )
############## random position
# 1) self.T = [-0.390509760733171, -0.02734325523949511, -0.08091369880767295] self.R = [0.8025264131262726, -0.4078551337707216, 0.4354371896055111, 0.4889802568342221, 0.8678069240840598, -0.088371097866332, -0.34183280220162776, 0.2838403290031729, 0.8958710861336876]

#2) self.T = [-0.4094332980192639, -0.031995695449533686, -0.07474587885799532] self.R = [0.7961231452515486, -0.40252121078840125, 0.4518457839354275, 0.48711508651264895, 0.8693024281490089, -0.08385809982352051, -0.3590359732485815, 0.28686227231840095, 0.8881459376891656]

############# arms parallel to ground
#1.1) self.T = [-0.39751164383077353, -0.020151902828335826, 0.11565822428728637] self.R = [0.999548263050667, -0.010729286553033167, -0.02807404927076588, 0.009883397064203945, 0.999498092398501, -0.03009786959618575, 0.02838288735956533, 0.029806806300249938, 0.9991526239785959]
#RPY to do

#1.1)self.T = [-0.39766493161065686, -0.018902781170959764, 0.11143118565270482]self.R = [0.9996208068016389, -0.01088810052521358, -0.02529213071675311, 0.010300203460462053, 0.9996764010070553, -0.023259386884742186, 0.025537196751279655, 0.02299005299110628, 0.9994094801659391]
# RPY [0.02300 -0.02554 0.01030]

#2.1) self.T = [-0.5375441780326677, 0.08234627439639754, -0.11370720512109556]
#self.R = [0.9993749517263698, -0.017362908107835768, -0.030793429233438686, 0.01613259350808233, #0.9990789402622645, -0.039761923383224325, 0.03145544926747868, 0.03924029238511447, 0.9987345764340553]

#2.1)self.T = [-0.5365389699604495, 0.08203275730891273, -0.09459169101830552]
#self.R = [0.999466020893576, -0.017553347205069243, -0.027559990585272788, 0.016460878248742795, #0.9990887818779141, -0.039378235270084175, 0.028226097258425634, 0.03890354646564144, 0.998844232854129]

#3.1)self.T = [-0.2972632613307461, -0.125870261304198, 0.3065205331482637]
#self.R = [0.9998963704119602, -0.010965208732549657, 0.00932805630555223, 0.011164933453580782, 0.9997035787681273, -0.021635592415638328, -0.009088052484721283, 0.02173749745601206, 0.9997224057239013]

#3.1) self.T = [-0.3032090701586185, -0.12379186573911066, 0.31270666963757876]
#self.R = [0.9999571518105351, -0.008705017566636192, -0.003149160543205946, 0.00861084797024101, 0.9995488756077766, -0.02877322659109997, 0.0033982113229942155, 0.028744876767764053, 0.9995810043310198]

############# Roll of cam1
#1.1)self.T = [-0.23486178985102138, 0.19288273903712372, 0.1190925835103015]
#self.R = [0.8607057145303592, -0.5089705769581625, 0.01160279128740444, 0.5090993228642895, 0.8603918819340407, -0.023317138785055733, 0.001884790148985573, 0.025976167786548227, 0.9996607856034063]

#1.1)self.T = [-0.2299667855835625, 0.19255850392799687, 0.12196030241379979]
#self.R = [0.8607997874648582, -0.5085143133456129, 0.020902608045281088, 0.5088872515010103, 0.8605899060638011, -0.02046408661155709, -0.007582292542655798, 0.02825255216325679, 0.9995720595014949]

############### Pitch cam1
#1.1) self.T = [-0.2881554741877629, 0.39805215003430855, 0.1538891105054409]
#self.R = [0.9992619675269979, -0.03538073187540877, -0.014957408399630213, 0.022619136560231852, 0.8566934258321006, -0.5153297476347827, 0.031046657071937354, 0.5146110938835458, 0.8568614398703199]

#1.1) self.T = [-0.29064390254431627, 0.3975558414788967, 0.15067863563174458]
#self.R = [0.9986819610217366, -0.039730894793613344, -0.03249302584674801, 0.01755900888404465, 0.8593485483486303, -0.5110887923424968, 0.048228849631612065, 0.5098446120633232, 0.8589135286006448]

############### YAW cam1
#1.1) self.T = [-0.506642866073728, -0.017687324995540266, 0.1956646831910764]
#self.R = [0.886250868588327, -0.01069991388554404, 0.4630819687369375, 0.022640914886595274, 0.9995388567391591, -0.02023518820452806, -0.4626519068365913, 0.028418052562001233, 0.8860844358124397]

#1.1) self.T = [-0.5111429185035584, -0.017166411063712826, 0.18685695388242043]
# self.R = [0.8912977420149812, -0.00866283813744893, 0.4533357368600012, 0.02087175208105218, 0.9995415000225835, -0.02193535269082629, -0.4529378600250403, 0.029012841432858767, 0.891069890630319]





























